Date,High,Low,Open,Close,Volume,Adj Close,50ma,100ma,200ma,Symbol
2019-01-02,119.12000274658203,114.8499984741211,115.1500015258789,118.80999755859375,1912000.0,115.12980651855469,115.12980651855469,115.12980651855469,115.12980651855469,PNC
2019-01-03,120.0,117.29000091552734,118.05999755859375,118.2699966430664,2789600.0,114.60652923583984,114.86816787719727,114.86816787719727,114.86816787719727,PNC
2019-01-04,121.73999786376953,119.7300033569336,120.4800033569336,121.2300033569336,2703800.0,117.474853515625,115.73706309000652,115.73706309000652,115.73706309000652,PNC
2019-01-07,121.94000244140625,119.80000305175781,120.25,120.95999908447266,2145600.0,117.21321105957031,116.10610008239746,116.10610008239746,116.10610008239746,PNC
2019-01-08,121.80000305175781,119.30999755859375,121.26000213623047,121.1500015258789,3952800.0,117.39733123779297,116.36434631347656,116.36434631347656,116.36434631347656,PNC
2019-01-09,121.66999816894531,119.44999694824219,121.11000061035156,120.80999755859375,3755800.0,117.06786346435547,116.48159917195638,116.48159917195638,116.48159917195638,PNC
2019-01-10,120.80000305175781,118.37000274658203,120.37000274658203,119.58000183105469,3531600.0,115.8759536743164,116.39507838657924,116.39507838657924,116.39507838657924,PNC
2019-01-11,120.5199966430664,117.94000244140625,118.81999969482422,120.05000305175781,2984800.0,116.3313980102539,116.38711833953857,116.38711833953857,116.38711833953857,PNC
2019-01-14,121.47000122070312,118.80999755859375,119.27999877929688,120.55000305175781,2893900.0,116.81591033935547,116.43476189507379,116.43476189507379,116.43476189507379,PNC
2019-01-15,121.23999786376953,118.30999755859375,120.01000213623047,121.12000274658203,4171300.0,117.36825561523438,116.52811126708984,116.52811126708984,116.52811126708984,PNC
2019-01-16,121.91999816894531,117.16999816894531,120.41999816894531,121.20999908447266,6131000.0,118.38400268554688,116.69682866876775,116.69682866876775,116.69682866876775,PNC
2019-01-17,122.43000030517578,119.80000305175781,121.11000061035156,121.88999938964844,4314200.0,119.04814147949219,116.8927714029948,116.8927714029948,116.8927714029948,PNC
2019-01-18,125.69000244140625,121.91999816894531,122.51000213623047,125.25,3014100.0,122.32980346679688,117.31100463867188,117.31100463867188,117.31100463867188,PNC
2019-01-22,125.83999633789062,123.66999816894531,124.30999755859375,124.58000183105469,2614400.0,121.67543029785156,117.62274932861328,117.62274932861328,117.62274932861328,PNC
2019-01-23,125.5,123.41000366210938,124.93000030517578,124.38999938964844,1993500.0,121.48986053466797,117.88055674235027,117.88055674235027,117.88055674235027,PNC
2019-01-24,124.9000015258789,122.80000305175781,123.55999755859375,123.80999755859375,2572900.0,120.92338562011719,118.0707335472107,118.0707335472107,118.0707335472107,PNC
2019-01-25,125.5999984741211,123.63999938964844,124.44999694824219,124.91999816894531,1890600.0,122.00749969482422,118.30230802648208,118.30230802648208,118.30230802648208,PNC
2019-01-28,125.22000122070312,123.4000015258789,124.26000213623047,124.87000274658203,1644100.0,121.95867156982422,118.50543933444553,118.50543933444553,118.50543933444553,PNC
2019-01-29,125.69000244140625,124.20999908447266,124.63999938964844,124.33000183105469,1372000.0,121.43126678466797,118.6594302528783,118.6594302528783,118.6594302528783,PNC
2019-01-30,125.04000091552734,123.19999694824219,124.2699966430664,123.66000366210938,1896100.0,120.77688598632812,118.76530303955079,118.76530303955079,118.76530303955079,PNC
2019-01-31,123.41000366210938,120.5,122.83000183105469,122.66999816894531,2099300.0,119.80995178222656,118.81504821777344,118.81504821777344,118.81504821777344,PNC
2019-02-01,123.93000030517578,122.37999725341797,123.12000274658203,122.7300033569336,2390500.0,119.86856842041016,118.86293549971147,118.86293549971147,118.86293549971147,PNC
2019-02-04,124.63999938964844,122.83000183105469,123.3499984741211,124.62999725341797,2105000.0,121.7242660522461,118.98734117590863,118.98734117590863,118.98734117590863,PNC
2019-02-05,124.87999725341797,122.33000183105469,124.62999725341797,123.0199966430664,2345500.0,120.15179443359375,119.03586006164551,119.03586006164551,119.03586006164551,PNC
2019-02-06,123.94000244140625,121.80999755859375,122.62999725341797,122.61000061035156,2199000.0,119.7513656616211,119.06448028564454,119.06448028564454,119.06448028564454,PNC
2019-02-07,125.29000091552734,121.69999694824219,123.05999755859375,122.83999633789062,2247600.0,119.97599792480469,119.09953865638145,119.09953865638145,119.09953865638145,PNC
2019-02-08,123.2300033569336,119.69000244140625,122.30000305175781,121.23999786376953,1471400.0,118.41329956054688,119.07412239357278,119.07412239357278,119.07412239357278,PNC
2019-02-11,122.5,121.0,121.73999786376953,121.56999969482422,1700800.0,118.73561096191406,119.06203269958496,119.06203269958496,119.06203269958496,PNC
2019-02-12,123.69000244140625,122.37000274658203,122.52999877929688,123.1500015258789,1730300.0,120.27877044677734,119.10398917362608,119.10398917362608,119.10398917362608,PNC
2019-02-13,123.7699966430664,121.37000274658203,123.45999908447266,121.4800033569336,2331600.0,118.647705078125,119.08877970377604,119.08877970377604,119.08877970377604,PNC
2019-02-14,121.26000213623047,119.37000274658203,120.48999786376953,120.61000061035156,2110300.0,117.7979965209961,119.04714153658959,119.04714153658959,119.04714153658959,PNC
2019-02-15,124.3499984741211,121.55000305175781,122.02999877929688,124.1500015258789,2321300.0,121.25546264648438,119.1161515712738,119.1161515712738,119.1161515712738,PNC
2019-02-19,125.38999938964844,122.80999755859375,122.80999755859375,124.94999694824219,2674500.0,122.03680419921875,119.20465619636305,119.20465619636305,119.20465619636305,PNC
2019-02-20,126.58999633789062,124.55999755859375,124.94999694824219,126.5199966430664,1787800.0,123.57020568847656,119.33305471083698,119.33305471083698,119.33305471083698,PNC
2019-02-21,126.58999633789062,124.52999877929688,126.19000244140625,124.91000366210938,2270800.0,121.99774169921875,119.40918862479073,119.40918862479073,119.40918862479073,PNC
2019-02-22,125.44999694824219,123.73999786376953,125.05000305175781,124.1500015258789,1663600.0,121.25546264648438,119.46047401428223,119.46047401428223,119.46047401428223,PNC
2019-02-25,125.94000244140625,123.62000274658203,124.95999908447266,123.69000244140625,2553300.0,120.80618286132812,119.49684452366185,119.49684452366185,119.49684452366185,PNC
2019-02-26,124.56999969482422,122.44000244140625,123.20999908447266,123.20999908447266,2920900.0,120.33737182617188,119.51896366320159,119.51896366320159,119.51896366320159,PNC
2019-02-27,125.7699966430664,122.87999725341797,123.45999908447266,125.72000122070312,1949500.0,122.78885650634766,119.6028070694361,119.6028070694361,119.6028070694361,PNC
2019-02-28,126.72000122070312,125.4800033569336,126.05999755859375,126.0199966430664,2189400.0,123.08185577392578,119.68978328704834,119.68978328704834,119.68978328704834,PNC
2019-03-01,127.81999969482422,125.56999969482422,126.5999984741211,126.62000274658203,1963800.0,123.6678695678711,119.78680978170256,119.78680978170256,119.78680978170256,PNC
2019-03-04,128.64999389648438,125.33000183105469,126.70999908447266,126.33000183105469,1928800.0,123.38462829589844,119.87247212727864,119.87247212727864,119.87247212727864,PNC
2019-03-05,128.1300048828125,124.66000366210938,126.19000244140625,127.81999969482422,3160100.0,124.83989715576172,119.98799363956896,119.98799363956896,119.98799363956896,PNC
2019-03-06,129.27000427246094,127.3499984741211,128.1300048828125,127.44000244140625,2748500.0,124.46875,120.08982901139693,120.08982901139693,120.08982901139693,PNC
2019-03-07,126.87000274658203,124.45999908447266,126.63999938964844,125.98999786376953,2983900.0,123.05255126953125,120.15566728379991,120.15566728379991,120.15566728379991,PNC
2019-03-08,126.77999877929688,124.5199966430664,124.66999816894531,126.69999694824219,2997600.0,123.74600219726562,120.2337180427883,120.2337180427883,120.2337180427883,PNC
2019-03-11,128.94000244140625,126.95999908447266,127.1500015258789,128.55999755859375,2546500.0,125.56263732910156,120.34709930419922,120.34709930419922,120.34709930419922,PNC
2019-03-12,129.1999969482422,127.37000274658203,128.8000030517578,127.70999908447266,3195900.0,124.73246002197266,120.4384609858195,120.4384609858195,120.4384609858195,PNC
2019-03-13,129.22999572753906,127.36000061035156,128.4199981689453,128.92999267578125,1741600.0,125.92400360107422,120.55041083511041,120.55041083511041,120.55041083511041,PNC
2019-03-14,130.02000427246094,128.47999572753906,129.00999450683594,129.60000610351562,1608500.0,126.5783920288086,120.67097045898437,120.67097045898437,120.67097045898437,PNC
2019-03-15,130.25,128.75999450683594,129.00999450683594,129.86000061035156,3687600.0,126.83232116699219,120.90502075195313,120.7917812571806,120.7917812571806,PNC
2019-03-18,132.38999938964844,130.1300048828125,130.44000244140625,131.8800048828125,1913000.0,128.80523681640625,121.18899490356445,120.9458861717811,120.9458861717811,PNC
2019-03-19,132.5,129.1300048828125,132.5,129.47999572753906,2285300.0,126.46118927001953,121.36872161865234,121.04994849438937,121.04994849438937,PNC
2019-03-20,129.82000732421875,125.36000061035156,129.39999389648438,125.45999908447266,2991800.0,122.534912109375,121.47515563964843,121.07744782059281,121.07744782059281,PNC
2019-03-21,124.87999725341797,122.79000091552734,124.7699966430664,122.9000015258789,2804100.0,120.03460693359375,121.52790115356446,121.05848707719282,121.05848707719282,PNC
2019-03-22,122.19999694824219,118.69999694824219,121.5,119.18000030517578,3464500.0,116.40133666992188,121.51457061767579,120.97532367706299,120.97532367706299,PNC
2019-03-25,120.9000015258789,118.77999877929688,119.48999786376953,119.18000030517578,2118500.0,116.40133666992188,121.5250782775879,120.89507829097279,120.89507829097279,PNC
2019-03-26,121.72000122070312,119.62000274658203,120.2699966430664,121.45999908447266,1976900.0,118.628173828125,121.57101379394531,120.85599373126853,120.85599373126853,PNC
2019-03-27,121.93000030517578,120.37999725341797,121.29000091552734,121.2699966430664,1773200.0,118.44259643554688,121.60354751586914,120.81508869235799,120.81508869235799,PNC
2019-03-28,122.95999908447266,120.95999908447266,121.62999725341797,122.86000061035156,1619200.0,119.99553680419922,121.65609313964843,120.801429494222,120.801429494222,PNC
2019-03-29,124.0,122.16999816894531,123.91000366210938,122.66000366210938,1951100.0,119.80020141601562,121.68441711425781,120.78501591916944,120.78501591916944,PNC
2019-04-01,127.16999816894531,123.83999633789062,123.9800033569336,126.91000366210938,1837000.0,123.95111846923828,121.78247665405273,120.83608208933184,120.83608208933184,PNC
2019-04-02,128.02999877929688,126.16000366210938,126.55000305175781,126.76000213623047,1698200.0,123.80461120605469,121.8119728088379,120.8832015991211,120.8832015991211,PNC
2019-04-03,129.24000549316406,126.08999633789062,127.98999786376953,126.80999755859375,2081400.0,123.85343933105469,121.85553298950195,120.92961156368256,120.92961156368256,PNC
2019-04-04,129.22999572753906,126.80000305175781,126.80000305175781,128.4199981689453,1639700.0,125.4259033203125,121.93425384521484,120.99878528301532,120.99878528301532,PNC
2019-04-05,129.25,127.36000061035156,128.49000549316406,127.91000366210938,1331900.0,124.92778778076172,122.01434188842774,121.05831562389027,121.05831562389027,PNC
2019-04-08,128.5500030517578,127.33999633789062,127.91000366210938,128.24000549316406,1460700.0,125.25010681152344,122.07919403076171,121.12087967146688,121.12087967146688,PNC
2019-04-09,127.69000244140625,126.22000122070312,127.36000061035156,126.80000305175781,1572800.0,123.84368133544922,122.11689422607422,121.1609208724078,121.1609208724078,PNC
2019-04-10,127.52999877929688,125.77999877929688,126.56999969482422,127.29000091552734,1806300.0,124.32225036621094,122.17471389770508,121.2067372418832,121.2067372418832,PNC
2019-04-11,128.91000366210938,127.5,128.0,128.72000122070312,2051700.0,125.71890258789062,122.27355422973633,121.27119674682618,121.27119674682618,PNC
2019-04-12,133.57000732421875,129.17999267578125,129.44000244140625,132.6999969482422,4293600.0,129.60610961914062,122.46947738647461,121.38858988587286,121.38858988587286,PNC
2019-04-15,132.41000366210938,130.5,131.97999572753906,131.05999755859375,2006100.0,128.92733764648438,122.65065277099609,121.49329471588135,121.49329471588135,PNC
2019-04-16,134.02999877929688,131.49000549316406,131.49000549316406,133.14999389648438,2375400.0,130.98333740234375,122.83583419799805,121.6232953006274,121.6232953006274,PNC
2019-04-17,134.52000427246094,132.30999755859375,133.3699951171875,133.8699951171875,1752300.0,131.6916046142578,123.06663040161133,121.75935353459539,121.75935353459539,PNC
2019-04-18,134.41000366210938,132.75999450683594,133.75,133.19000244140625,2392400.0,131.02267456054688,123.29205657958984,121.88286448160807,121.88286448160807,PNC
2019-04-22,134.35000610351562,132.47999572753906,133.27999877929688,133.88999938964844,1469800.0,131.71128845214844,123.52676239013672,122.0121858496415,122.0121858496415,PNC
2019-04-23,134.74000549316406,131.72000122070312,133.41000366210938,134.1999969482422,3319000.0,132.0162353515625,123.79882110595703,122.14210857044567,122.14210857044567,PNC
2019-04-24,134.74000549316406,132.86000061035156,133.85000610351562,134.1699981689453,1681400.0,131.98672485351562,124.06384338378906,122.26832159971579,122.26832159971579,PNC
2019-04-25,135.27000427246094,133.0399932861328,133.3300018310547,134.24000549316406,1335700.0,132.05560302734375,124.29938003540039,122.3922112380402,122.3922112380402,PNC
2019-04-26,136.10000610351562,134.00999450683594,134.00999450683594,136.08999633789062,1337100.0,133.87548828125,124.6039356994629,122.53575220108033,122.53575220108033,PNC
2019-04-29,138.0800018310547,136.17999267578125,136.8000030517578,137.00999450683594,1151900.0,134.780517578125,124.94358612060547,122.6869221440068,122.6869221440068,PNC
2019-04-30,137.4199981689453,135.6699981689453,136.92999267578125,136.92999267578125,1432400.0,134.70181274414062,125.21251312255859,122.833445200106,122.833445200106,PNC
2019-05-01,138.0399932861328,134.8800048828125,136.72000122070312,135.2100067138672,1264400.0,133.0098114013672,125.43197326660156,122.95605202180793,122.95605202180793,PNC
2019-05-02,136.72000122070312,135.39999389648438,135.5399932861328,135.94000244140625,1235900.0,133.72793579101562,125.63512786865235,123.08428873334613,123.08428873334613,PNC
2019-05-03,137.47000122070312,135.6999969482422,135.99000549316406,137.10000610351562,1055200.0,134.86904907226562,125.89255401611328,123.22293297262753,123.22293297262753,PNC
2019-05-06,136.9499969482422,134.13999938964844,135.35000610351562,136.27000427246094,1314000.0,134.0525665283203,126.14849609375,123.34885894420535,123.34885894420535,PNC
2019-05-07,134.8300018310547,132.25999450683594,134.77999877929688,132.9499969482422,1821500.0,130.78659057617188,126.34810424804688,123.43435011238887,123.43435011238887,PNC
2019-05-08,132.92999267578125,131.7899932861328,132.47000122070312,131.99000549316406,1694200.0,129.84222412109375,126.5382012939453,123.5071668624878,123.5071668624878,PNC
2019-05-09,132.22000122070312,129.47000122070312,130.02999877929688,131.94000244140625,1504100.0,129.79302978515625,126.67828475952149,123.5777945357762,123.5777945357762,PNC
2019-05-10,133.02000427246094,129.5500030517578,131.41000366210938,132.44000244140625,1354300.0,130.28489685058594,126.82234558105469,123.65231789482965,123.65231789482965,PNC
2019-05-13,131.08999633789062,128.13999938964844,130.0399932861328,128.4499969482422,2367500.0,126.35980987548828,126.87618438720703,123.68207055395776,123.68207055395776,PNC
2019-05-14,131.0800018310547,128.00999450683594,128.2100067138672,129.75999450683594,1088500.0,127.64849090576172,126.96146163940429,123.72518381865129,123.72518381865129,PNC
2019-05-15,130.4199981689453,127.58999633789062,128.83999633789062,128.67999267578125,1609200.0,126.5860595703125,126.99638488769531,123.75594592350785,123.75594592350785,PNC
2019-05-16,131.7100067138672,129.27999877929688,129.61000061035156,131.10000610351562,1508900.0,128.96670532226562,127.08634399414062,123.81137953413294,123.81137953413294,PNC
2019-05-17,132.1999969482422,129.4199981689453,129.4600067138672,130.22000122070312,1351600.0,128.10101318359375,127.18731323242187,123.85653357254832,123.85653357254832,PNC
2019-05-20,132.0800018310547,130.08999633789062,130.22000122070312,131.33999633789062,1153200.0,129.20277404785156,127.29644866943359,123.91222357749939,123.91222357749939,PNC
2019-05-21,132.38999938964844,131.0399932861328,131.1199951171875,132.0800018310547,988700.0,129.9307403564453,127.38381072998047,123.9742701422308,123.9742701422308,PNC
2019-05-22,132.3699951171875,130.89999389648438,131.61000061035156,132.02000427246094,1166400.0,129.87171936035156,127.48659591674804,124.03444819547693,124.03444819547693,PNC
2019-05-23,130.99000549316406,128.99000549316406,130.99000549316406,129.97000122070312,2026800.0,127.85508728027344,127.52521759033203,124.07304050946476,124.07304050946476,PNC
2019-05-24,132.3800048828125,130.24000549316406,130.33999633789062,131.97000122070312,1162300.0,129.82252502441406,127.59010025024413,124.13053535461425,124.13053535461425,PNC
2019-05-28,132.33999633789062,129.63999938964844,131.74000549316406,129.63999938964844,1944900.0,127.53045654296875,127.60406295776367,124.2545418548584,124.16419794063756,PNC
2019-05-29,130.1199951171875,127.98999786376953,128.6999969482422,130.02999877929688,1640400.0,127.91410064697266,127.586240234375,124.38761756896973,124.20096169266046,PNC
2019-05-30,131.05999755859375,127.48999786376953,130.2899932861328,128.61000061035156,1185400.0,126.5172119140625,127.58736068725585,124.4780411529541,124.22344955888767,PNC
2019-05-31,128.32000732421875,126.33999633789062,127.37999725341797,127.26000213623047,1543100.0,125.18917846679688,127.64044601440429,124.55780082702637,124.23273541377141,PNC
2019-06-03,129.77999877929688,126.5199966430664,126.9800033569336,128.97000122070312,1711300.0,126.87135314941406,127.7771809387207,124.65254104614257,124.25786510649182,PNC
2019-06-04,133.47000122070312,130.44000244140625,130.7899932861328,133.39999389648438,1502900.0,131.22926330566406,128.07373947143554,124.79415504455567,124.32363301403117,PNC
2019-06-05,134.44000244140625,131.7899932861328,133.41000366210938,134.25,1620400.0,132.0654296875,128.3870213317871,124.9560498046875,124.39598625397014,PNC
2019-06-06,134.5800018310547,132.99000549316406,133.88999938964844,133.75,1251000.0,131.5735626220703,128.645929107666,125.10847145080567,124.4624452944155,PNC
2019-06-07,133.85000610351562,132.30999755859375,133.35000610351562,132.8800048828125,1619800.0,130.7177276611328,128.89143173217772,125.24748962402344,124.51983320603676,PNC
2019-06-10,135.63999938964844,133.8800048828125,134.3300018310547,134.3800048828125,1015500.0,132.1933135986328,129.1353872680664,125.39574020385743,124.58959211869673,PNC
2019-06-11,136.35000610351562,134.24000549316406,134.77999877929688,135.17999267578125,1248700.0,132.98028564453125,129.39898895263673,125.54170303344726,124.66518395226281,PNC
2019-06-12,135.75,133.67999267578125,135.08999633789062,134.10000610351562,1172900.0,131.91787719726562,129.55832412719727,125.670400390625,124.72994014195034,PNC
2019-06-13,135.1699981689453,132.88999938964844,134.36000061035156,133.72999572753906,2019500.0,131.55389404296875,129.71330978393556,125.76264129638672,124.79032911452572,PNC
2019-06-14,135.75,133.42999267578125,134.07000732421875,135.2100067138672,1757900.0,133.0098114013672,129.8964372253418,125.87598510742187,124.86242983634011,PNC
2019-06-17,136.17999267578125,132.30999755859375,135.2100067138672,132.5399932861328,1710400.0,130.3832550048828,129.9955842590332,125.96491905212402,124.91043701171876,PNC
2019-06-18,135.4499969482422,131.57000732421875,132.4600067138672,134.42999267578125,1781100.0,132.24249267578125,130.1418783569336,126.07811012268067,124.97364438813308,PNC
2019-06-19,136.27000427246094,132.99000549316406,135.25,133.25,1521800.0,131.0817108154297,130.25851043701172,126.16885223388672,125.02585008409288,PNC
2019-06-20,133.77999877929688,130.05999755859375,133.55999755859375,132.89999389648438,2128600.0,130.73739624023438,130.39638473510743,126.25663948059082,125.07425301761951,PNC
2019-06-21,134.67999267578125,132.8800048828125,132.8800048828125,133.1699981689453,2480200.0,131.0030059814453,130.5299998474121,126.35235687255859,125.12407447109703,PNC
2019-06-24,134.5800018310547,132.25999450683594,132.41000366210938,133.6699981689453,1515300.0,131.494873046875,130.6455192565918,126.45953674316407,125.17716445922852,PNC
2019-06-25,134.1699981689453,131.57000732421875,133.58999633789062,133.36000061035156,1446800.0,131.18991088867188,130.67719528198242,126.57333633422851,125.22685657848011,PNC
2019-06-26,134.83999633789062,132.91000366210938,133.86000061035156,133.63999938964844,1387500.0,131.46534729003906,130.7279554748535,126.68930412292481,125.27799174824699,PNC
2019-06-27,135.8800048828125,133.75999450683594,133.99000549316406,134.66000366210938,1504300.0,132.46876525878906,130.75766403198242,126.79674911499023,125.33645332150343,PNC
2019-06-28,137.38999938964844,135.11000061035156,136.11000061035156,137.27999877929688,3171700.0,135.04612731933594,130.82475448608398,126.94569244384766,125.4147571440666,PNC
2019-07-01,139.92999267578125,138.2100067138672,138.3800048828125,139.8000030517578,2128300.0,137.52513122558594,130.95480361938476,127.12343009948731,125.51164013671875,PNC
2019-07-02,140.39999389648438,138.58999633789062,139.27000427246094,139.58999633789062,1828200.0,137.31854248046875,131.06694869995118,127.29685554504394,125.6053457108755,PNC
2019-07-03,140.77000427246094,139.2100067138672,140.0,140.6699981689453,892400.0,138.38096618652344,131.1942433166504,127.49653221130372,125.70594114769162,PNC
2019-07-05,143.08999633789062,141.1699981689453,141.39999389648438,141.57000732421875,1281000.0,139.26632690429688,131.339835357666,127.70183937072754,125.8118816614151,PNC
2019-07-08,141.4499969482422,140.19000244140625,140.61000061035156,140.74000549316406,1568600.0,138.4498291015625,131.4677198791504,127.88354995727539,125.90985024622245,PNC
2019-07-09,141.60000610351562,139.4600067138672,139.91000366210938,140.7899932861328,1838400.0,138.49899291992188,131.56018997192382,128.08206283569336,126.0066898052509,PNC
2019-07-10,141.7899932861328,139.8800048828125,140.88999938964844,140.0500030517578,1466200.0,137.77105712890625,131.62000076293944,128.28179344177246,126.09649413596583,PNC
2019-07-11,142.07000732421875,140.1300048828125,140.52000427246094,141.4600067138672,1505700.0,139.15811157226562,131.70912673950195,128.46081993103027,126.19544578321052,PNC
2019-07-12,142.47999572753906,140.57000732421875,142.08999633789062,142.19000244140625,1569200.0,139.87623596191406,131.84645523071288,128.63921424865723,126.29830886726093,PNC
2019-07-15,142.57000732421875,139.74000549316406,142.57000732421875,140.1999969482422,2534900.0,137.91860961914062,131.9302687072754,128.78269828796385,126.38502752958838,PNC
2019-07-16,140.3000030517578,137.9600067138672,140.0,138.75999450683594,3338400.0,136.50204467773438,131.96292861938477,128.92774131774902,126.45996839735243,PNC
2019-07-17,142.3800048828125,138.75,138.7899932861328,139.67999267578125,2901800.0,137.4070587158203,132.03001846313475,129.08925727844237,126.54046170851764,PNC
2019-07-18,139.9499969482422,137.8300018310547,138.5399932861328,138.8800048828125,2004800.0,137.75424194335938,132.1693714904785,129.2587378692627,126.62231411899093,PNC
2019-07-19,139.9499969482422,138.5500030517578,139.25999450683594,138.8300018310547,1853900.0,137.70465087890625,132.32662002563475,129.43241065979004,126.70262090710627,PNC
2019-07-22,139.94000244140625,137.97000122070312,138.25999450683594,139.57000732421875,1671200.0,138.43865966796875,132.499532623291,129.58890869140626,126.78705284063764,PNC
2019-07-23,141.1199951171875,139.0,139.75999450683594,140.67999267578125,1995600.0,139.53964233398438,132.68462753295898,129.75348655700682,126.87814276559013,PNC
2019-07-24,141.88999938964844,139.72999572753906,139.72999572753906,141.3300018310547,1981200.0,140.18438720703125,132.96111907958985,129.91865173339843,126.9725132935436,PNC
2019-07-25,142.32000732421875,140.2899932861328,142.0399932861328,140.83999633789062,1557000.0,139.69834899902344,133.2021162414551,130.08178894042967,127.0621318548498,PNC
2019-07-26,143.17999267578125,140.9199981689453,140.9499969482422,142.8000030517578,1233100.0,141.64247131347656,133.50324447631837,130.24981468200684,127.16409227064439,PNC
2019-07-29,144.32000732421875,141.8800048828125,142.25999450683594,141.9600067138672,1273100.0,140.8092803955078,133.7400959777832,130.41321998596192,127.2588505215115,PNC
2019-07-30,142.63999938964844,140.69000244140625,140.83999633789062,141.9199981689453,1063600.0,140.76959228515625,133.99346755981446,130.59039039611815,127.35202805091595,PNC
2019-07-31,143.83999633789062,141.0800018310547,141.99000549316406,142.89999389648438,2394600.0,141.7416534423828,134.24424514770507,130.77034690856934,127.45058712893969,PNC
2019-08-01,143.5399932861328,138.00999450683594,142.41000366210938,138.25999450683594,2973900.0,137.13926696777344,134.38841567993165,130.88611320495605,127.51649651559843,PNC
2019-08-02,138.6999969482422,135.42999267578125,138.3300018310547,137.9600067138672,1859000.0,136.84170532226562,134.52781539916992,131.007205657959,127.57950468321104,PNC
2019-08-05,135.6300048828125,131.83999633789062,135.10000610351562,132.9199981689453,2306100.0,131.84254455566406,134.60756454467773,131.0663910675049,127.60811568906644,PNC
2019-08-06,134.63999938964844,132.0800018310547,134.4600067138672,134.3800048828125,1380300.0,133.2907257080078,134.6769285583496,131.13351440429688,127.64599975585938,PNC
2019-08-07,131.9499969482422,128.1199951171875,131.1300048828125,129.75999450683594,4324200.0,128.70816040039062,134.70048263549805,131.15227279663085,127.65303393231322,PNC
2019-08-08,132.33999633789062,130.25999450683594,131.24000549316406,131.58999633789062,2033500.0,130.52333068847656,134.75266723632814,131.16945373535157,127.67191746360378,PNC
2019-08-09,133.1699981689453,129.83999633789062,131.2100067138672,132.33999633789062,2066300.0,131.26724243164062,134.84766784667968,131.21751426696778,127.695416319604,PNC
2019-08-12,131.02999877929688,128.44000244140625,130.91000366210938,128.63999938964844,2657300.0,127.59724426269531,134.89582916259766,131.26813758850096,127.694778838715,PNC
2019-08-13,132.14999389648438,127.83000183105469,128.8699951171875,130.75,2218200.0,129.6901397705078,134.95220489501952,131.36469291687013,127.70765213504914,PNC
2019-08-14,128.30999755859375,124.16000366210938,126.93000030517578,124.62000274658203,3142000.0,123.60983276367188,134.79981628417968,131.43677787780763,127.6813840621557,PNC
2019-08-15,126.0999984741211,123.33999633789062,125.37000274658203,124.73999786376953,2354900.0,123.7288589477539,134.63308486938476,131.51005310058594,127.65620874295568,PNC
2019-08-16,127.41000366210938,125.37000274658203,125.87999725341797,127.0,1850200.0,125.97053527832031,134.52102432250976,131.5834767150879,127.64553992355926,PNC
2019-08-19,129.6699981689453,127.66000366210938,129.1199951171875,128.36000061035156,2481400.0,127.31951904296875,134.45306015014648,131.67224594116212,127.64348947776938,PNC
2019-08-20,127.7699966430664,126.0999984741211,127.08000183105469,126.19999694824219,1888000.0,125.17701721191406,134.3127342224121,131.72406074523926,127.62807402610778,PNC
2019-08-21,127.4800033569336,125.7300033569336,127.44000244140625,126.0,1547000.0,124.97864532470703,134.15270141601562,131.77584518432616,127.6116179472171,PNC
2019-08-22,127.61000061035156,125.73999786376953,127.16999816894531,126.41999816894531,1321400.0,125.3952407836914,134.02224868774414,131.79028640747072,127.59793660670151,PNC
2019-08-23,126.98999786376953,122.37000274658203,126.12999725341797,123.08999633789062,1912900.0,122.09223175048828,133.83301544189453,131.77316261291503,127.5641592762953,PNC
2019-08-26,124.25,123.2699966430664,123.94999694824219,124.0999984741211,2431800.0,123.09404754638672,133.63470016479494,131.76556869506837,127.53690249745439,PNC
2019-08-27,125.12000274658203,123.4000015258789,124.66000366210938,124.12999725341797,1744600.0,123.1238021850586,133.48951110839843,131.74254768371583,127.51015643495502,PNC
2019-08-28,127.2300033569336,123.18000030517578,123.18000030517578,126.55999755859375,1462800.0,125.53410339355469,133.3553433227539,131.74861083984376,127.49825250097068,PNC
2019-08-29,129.25999450683594,127.5,127.5199966430664,128.3000030517578,1568900.0,127.26000213623047,133.27890914916992,131.7687097930908,127.49682585208002,PNC
2019-08-30,130.6699981689453,128.74000549316406,129.2899932861328,128.92999267578125,1457900.0,127.8848876953125,133.22185897827148,131.80912185668944,127.49913574400402,PNC
2019-09-03,127.7699966430664,125.2300033569336,127.61000061035156,126.76000213623047,2002900.0,125.73248291015625,133.1164485168457,131.8232241821289,127.48868217693983,PNC
2019-09-04,129.0,127.5,128.10000610351562,128.57000732421875,1662500.0,127.52781677246094,133.0371073913574,131.84131332397462,127.4889123804429,PNC
2019-09-05,132.94000244140625,130.67999267578125,130.88999938964844,131.55999755859375,1185300.0,130.4935760498047,133.02318069458008,131.85018798828125,127.50648351301227,PNC
2019-09-06,132.19000244140625,130.6699981689453,131.4600067138672,131.72000122070312,1357400.0,130.65228271484375,133.00691940307618,131.86743743896486,127.52477304325548,PNC
2019-09-09,136.92999267578125,132.33999633789062,132.9499969482422,136.2899932861328,2027800.0,135.1852264404297,133.061248626709,131.90945632934572,127.56905312069578,PNC
2019-09-10,138.9600067138672,136.7100067138672,137.25,137.88999938964844,1893200.0,136.7722625732422,133.09577133178712,131.96026290893553,127.62194512904375,PNC
2019-09-11,138.0500030517578,135.47999572753906,138.0,136.0,3444900.0,134.8975830078125,133.04322036743164,131.9990119934082,127.66352020263672,PNC
2019-09-12,137.3800048828125,133.5399932861328,134.85000610351562,137.1699981689453,3076900.0,136.05810546875,133.01801162719727,132.04248016357423,127.71121670983054,PNC
2019-09-13,140.2899932861328,138.02000427246094,139.0,139.27999877929688,2902800.0,138.1510009765625,133.01341232299805,132.10382781982423,127.77019854184599,PNC
2019-09-16,140.52000427246094,137.36000061035156,137.9499969482422,140.5,2180200.0,139.36111450195312,133.01530807495118,132.1775717163086,127.83531604723984,PNC
2019-09-17,140.0399932861328,138.0,139.60000610351562,139.24000549316406,2290300.0,138.111328125,133.00853805541993,132.23812896728515,127.89272393594241,PNC
2019-09-18,141.30999755859375,138.0800018310547,138.75,141.1999969482422,2073200.0,140.05543518066406,133.03966690063476,132.2999284362793,127.96029455396864,PNC
2019-09-19,142.08999633789062,139.75999450683594,139.75999450683594,141.0,2248500.0,139.8570556640625,133.08138687133788,132.35069381713868,128.02602251590287,PNC
2019-09-20,142.25999450683594,140.25,141.27999877929688,140.8800048828125,4212400.0,139.738037109375,133.0929853820801,132.401056060791,128.09037424443844,PNC
2019-09-23,141.75,139.67999267578125,139.7100067138672,141.1999969482422,2475700.0,140.05543518066406,133.09656936645507,132.47151229858397,128.15575709108447,PNC
2019-09-24,141.8300018310547,139.64999389648438,140.75,140.27000427246094,2842500.0,139.1329803466797,133.12085678100587,132.52556274414061,128.21541591312575,PNC
2019-09-25,141.69000244140625,139.7100067138672,140.91000366210938,140.30999755859375,1454800.0,139.1726531982422,133.17426895141602,132.56859878540038,128.274644222775,PNC
2019-09-26,140.64999389648438,139.57000732421875,139.9199981689453,140.10000610351562,1041600.0,138.96435546875,133.2054148864746,132.61771667480468,128.3321157886136,PNC
2019-09-27,142.22999572753906,139.77999877929688,141.50999450683594,140.38999938964844,1368600.0,139.2519989013672,133.23537002563478,132.70237075805665,128.39051088547325,PNC
2019-09-30,141.1699981689453,139.36000061035156,141.1699981689453,140.16000366210938,1726300.0,139.02386474609375,133.26175430297852,132.79418716430663,128.4470712783489,PNC
2019-10-01,141.5500030517578,137.07000732421875,141.14999389648438,137.1999969482422,1518100.0,136.08786010742188,133.21473831176758,132.8571354675293,128.48749873247095,PNC
2019-10-02,136.64999389648438,134.77999877929688,136.47000122070312,135.6999969482422,1776200.0,134.60000610351562,133.1159455871582,132.9002865600586,128.51966982389752,PNC
2019-10-03,136.75,133.3699951171875,134.82000732421875,136.72999572753906,2057200.0,135.6216583251953,133.0246910095215,132.99290504455567,128.5568530097682,PNC
2019-10-04,140.69000244140625,136.75,136.8800048828125,140.47000122070312,2087400.0,139.33135986328125,133.01735122680665,133.10973373413086,128.61297023296356,PNC
2019-10-07,141.72000122070312,139.10000610351562,140.69000244140625,139.9499969482422,1778100.0,138.81556701660156,132.96081314086913,133.23202880859375,128.66583342873372,PNC
2019-10-08,138.4600067138672,136.0399932861328,138.17999267578125,136.17999267578125,2221100.0,135.0761260986328,132.84615005493163,133.2931230163574,128.69887617445482,PNC
2019-10-09,137.67999267578125,136.3300018310547,137.3300018310547,136.55999755859375,1459400.0,135.4530487060547,132.7398191833496,133.36664337158203,128.73351295666816,PNC
2019-10-10,139.6199951171875,136.8800048828125,137.13999938964844,138.4199981689453,1283600.0,137.2979736328125,132.6509455871582,133.44759536743163,128.77720918460767,PNC
2019-10-11,142.47999572753906,140.27000427246094,140.86000061035156,140.39999389648438,2416300.0,139.2619171142578,132.6933985900879,133.54090713500977,128.83043105227088,PNC
2019-10-14,140.77000427246094,139.36000061035156,139.6999969482422,140.52000427246094,1444200.0,139.38095092773438,132.74418350219727,133.63599945068358,128.88371650618737,PNC
2019-10-15,142.85000610351562,140.0399932861328,140.6699981689453,141.8699951171875,2297700.0,140.72000122070312,132.92173263549805,133.7646485900879,128.94319532384824,PNC
2019-10-16,143.27000427246094,139.9199981689453,142.66000366210938,141.4600067138672,2692800.0,141.4600067138672,133.08511825561524,133.88102340698242,129.00577938079834,PNC
2019-10-17,144.10000610351562,142.0500030517578,142.4499969482422,142.66000366210938,1748700.0,142.66000366210938,133.3641551208496,134.03231887817384,129.1434303665161,PNC
2019-10-18,144.6999969482422,142.08999633789062,142.4499969482422,143.52000427246094,1901000.0,143.52000427246094,133.6240885925293,134.1883779144287,129.28799774169923,PNC
2019-10-21,146.38999938964844,144.7100067138672,145.0,145.52999877929688,1747100.0,145.52999877929688,133.90934371948242,134.37850578308107,129.42827346801758,PNC
2019-10-22,146.8800048828125,144.5399932861328,145.5500030517578,145.4600067138672,1697700.0,145.4600067138672,134.26659896850586,134.58121406555176,129.56950744628907,PNC
2019-10-23,146.42999267578125,144.6999969482422,144.97999572753906,146.3699951171875,1106400.0,146.3699951171875,134.60019607543944,134.77620048522948,129.71437076568603,PNC
2019-10-24,146.69000244140625,144.69000244140625,146.1999969482422,145.60000610351562,1143800.0,145.60000610351562,135.03999954223633,134.91990791320802,129.85703147888182,PNC
2019-10-25,147.86000061035156,145.2899932861328,145.2899932861328,146.6699981689453,1072500.0,146.6699981689453,135.49882232666016,135.06595359802247,130.01100170135499,PNC
2019-10-28,148.5,147.19000244140625,147.72000122070312,147.77000427246094,1250700.0,147.77000427246094,135.93481170654297,135.22791801452638,130.16819473266602,PNC
2019-10-29,149.38999938964844,147.1199951171875,147.1199951171875,148.2899932861328,1411700.0,148.2899932861328,136.35422119140625,135.40364067077635,130.3255651473999,PNC
2019-10-30,148.77000427246094,146.52000427246094,147.85000610351562,147.75,1168000.0,147.75,136.80568084716796,135.55920753479003,130.47747386932372,PNC
2019-10-31,147.75,145.0399932861328,146.6699981689453,146.6999969482422,1266900.0,146.6999969482422,137.24010787963869,135.69640464782714,130.6190538406372,PNC
2019-11-01,148.91000366210938,147.30999755859375,148.32000732421875,148.80999755859375,1109500.0,148.80999755859375,137.70840301513672,135.86532585144042,130.76786312103272,PNC
2019-11-04,150.72999572753906,149.69000244140625,150.38999938964844,150.00999450683594,1192900.0,150.00999450683594,138.26675827026367,136.0498868560791,130.9062640762329,PNC
2019-11-05,152.13999938964844,150.0,150.6300048828125,151.02999877929688,1382700.0,151.02999877929688,138.82547729492188,136.2300887298584,131.05303691864015,PNC
2019-11-06,151.75999450683594,149.9499969482422,150.5500030517578,151.7100067138672,1650300.0,151.7100067138672,139.39720138549805,136.44335624694824,131.20413764953614,PNC
2019-11-07,154.75,152.52000427246094,152.9499969482422,153.07000732421875,1565000.0,153.07000732421875,139.94791946411132,136.6516313934326,131.36487075805664,PNC
2019-11-08,152.9199981689453,151.6300048828125,152.57000732421875,152.1999969482422,1845800.0,152.1999969482422,140.44671936035155,136.86281425476074,131.51583324432374,PNC
2019-11-11,153.22999572753906,151.3800048828125,151.5,152.4600067138672,1354800.0,152.4600067138672,140.93822174072267,137.08004035949708,131.66833992004393,PNC
2019-11-12,153.1699981689453,151.11000061035156,152.13999938964844,152.3000030517578,1182200.0,152.3000030517578,141.4695721435547,137.2930103302002,131.8226836013794,PNC
2019-11-13,151.75,150.07000732421875,150.63999938964844,150.82000732421875,1677500.0,150.82000732421875,141.93541595458984,137.48626167297363,131.97289920806884,PNC
2019-11-14,150.86000061035156,148.47999572753906,150.16000366210938,149.02000427246094,1973000.0,149.02000427246094,142.30594451904298,137.66456260681153,132.11894947052002,PNC
2019-11-15,150.9199981689453,149.41000366210938,150.11000061035156,150.86000061035156,1773000.0,150.86000061035156,142.7100988769531,137.85850914001466,132.2739066314697,PNC
2019-11-18,152.42999267578125,150.49000549316406,150.52000427246094,151.7100067138672,1616600.0,151.7100067138672,143.04059448242188,138.05092155456543,132.42383533477783,PNC
2019-11-19,153.10000610351562,150.75,152.0,151.72000122070312,1647000.0,151.72000122070312,143.33954925537108,138.21766029357912,132.58167636871337,PNC
2019-11-20,152.66000366210938,150.44000244140625,151.27000427246094,151.77999877929688,1456400.0,151.77999877929688,143.6771975708008,138.3602089691162,132.74181953430175,PNC
2019-11-21,153.52999877929688,151.30999755859375,152.6699981689453,151.69000244140625,1404600.0,151.69000244140625,143.9898355102539,138.50392356872558,132.90038955688476,PNC
2019-11-22,153.72000122070312,150.94000244140625,151.36000061035156,152.85000610351562,1080600.0,152.85000610351562,144.28381561279298,138.6486139678955,133.07257308959962,PNC
2019-11-25,154.4199981689453,152.72999572753906,153.5500030517578,153.39999389648438,2438300.0,153.39999389648438,144.5645932006836,138.78995063781738,133.24589500427246,PNC
2019-11-26,153.47000122070312,152.33999633789062,153.13999938964844,152.88999938964844,1570700.0,152.88999938964844,144.86016662597658,138.93435234069824,133.40895114898683,PNC
2019-11-27,154.14999389648438,152.52999877929688,153.6699981689453,153.2899932861328,1315300.0,153.2899932861328,145.12485778808593,139.08226234436034,133.58216259002685,PNC
2019-11-29,154.4499969482422,152.94000244140625,153.63999938964844,153.2100067138672,736300.0,153.2100067138672,145.39191680908203,139.23665184020996,133.7592226409912,PNC
2019-12-02,154.44000244140625,151.94000244140625,153.92999267578125,151.97999572753906,1234300.0,151.97999572753906,145.6367559814453,139.36487068176268,133.9128453063965,PNC
2019-12-03,150.2899932861328,148.08999633789062,150.27000427246094,149.74000549316406,2358000.0,149.74000549316406,145.8304473876953,139.4635083770752,134.05136131286622,PNC
2019-12-04,151.83999633789062,149.63999938964844,149.74000549316406,151.35000610351562,1703200.0,151.35000610351562,146.07478790283204,139.59782234191894,134.1902603149414,PNC
2019-12-05,152.6300048828125,151.58999633789062,152.27999877929688,152.1999969482422,2087100.0,152.1999969482422,146.33533477783203,139.75480186462403,134.3412715911865,PNC
2019-12-06,154.82000732421875,153.5,154.0800018310547,153.80999755859375,2701000.0,153.80999755859375,146.6322476196289,139.91883125305176,134.50404426574707,PNC
2019-12-09,154.05999755859375,152.0399932861328,152.1999969482422,153.6999969482422,1699600.0,153.6999969482422,146.9212075805664,140.07828880310058,134.66851333618163,PNC
2019-12-10,156.8300018310547,152.74000549316406,153.6999969482422,155.60000610351562,2606500.0,155.60000610351562,147.25273040771484,140.25724235534668,134.84482650756837,PNC
2019-12-11,156.1199951171875,154.89999389648438,155.8300018310547,155.0,1795100.0,155.0,147.63097320556642,140.422855758667,135.00588222503663,PNC
2019-12-12,159.63999938964844,155.1199951171875,155.66000366210938,159.0,3113600.0,159.0,148.1189730834961,140.61745933532714,135.18547294616698,PNC
2019-12-13,160.0800018310547,157.38999938964844,158.16000366210938,158.63999938964844,2472600.0,158.63999938964844,148.57933990478514,140.80201545715332,135.36033359527588,PNC
2019-12-16,160.8699951171875,158.88999938964844,160.3000030517578,159.0,1644400.0,159.0,148.97271270751952,140.99503196716307,135.5384104537964,PNC
2019-12-17,160.91000366210938,158.47999572753906,158.97000122070312,160.36000061035156,1527800.0,160.36000061035156,149.40360137939453,141.18220726013183,135.71601097106932,PNC
2019-12-18,160.91000366210938,159.3800048828125,160.80999755859375,160.0500030517578,1621200.0,160.0500030517578,149.90307891845703,141.37461448669433,135.89391723632812,PNC
2019-12-19,160.9499969482422,158.72000122070312,160.27000427246094,159.52999877929688,1577600.0,159.52999877929688,150.38461791992188,141.56221855163574,136.07630447387695,PNC
2019-12-20,161.3699951171875,159.3699951171875,161.1999969482422,159.82000732421875,3340300.0,159.82000732421875,150.83505859375,141.7430020904541,136.25667449951172,PNC
2019-12-23,160.63999938964844,158.9199981689453,160.0800018310547,159.52999877929688,1253600.0,159.52999877929688,151.24042022705078,141.96690940856934,136.4265113067627,PNC
2019-12-24,160.55999755859375,159.5800018310547,159.83999633789062,160.4199981689453,1230000.0,160.4199981689453,151.661201171875,142.20269233703613,136.60494899749756,PNC
2019-12-26,161.27000427246094,160.2899932861328,160.47999572753906,161.14999389648438,798000.0,161.14999389648438,152.06980102539063,142.49576683044432,136.7810789489746,PNC
2019-12-27,161.72000122070312,160.55999755859375,161.5500030517578,160.80999755859375,1051800.0,160.80999755859375,152.45680084228516,142.7709595489502,136.95223697662354,PNC
2019-12-30,161.7899932861328,159.8800048828125,161.58999633789062,160.02000427246094,1401100.0,160.02000427246094,152.8040008544922,143.0840779876709,137.11817539215087,PNC
2019-12-31,160.3699951171875,158.99000549316406,159.85000610351562,159.6300048828125,1499800.0,159.6300048828125,153.1262008666992,143.37514472961425,137.2722992324829,PNC
2020-01-02,160.3699951171875,158.89999389648438,159.75,160.3699951171875,1881300.0,160.3699951171875,153.42300079345702,143.66617225646974,137.44184326171876,PNC
